 0.00000000e+00 -3.33013791e-31  0.00000000e+00  0.00000000e+00 
 1.00000000e-02  1.13246001e-14  1.00000000e-02  0.00000000e+00 
 2.00000000e-02  2.33905235e-14  2.00000000e-02  0.00000000e+00 
 3.00000000e-02  3.57910180e-14  3.00000000e-02  0.00000000e+00 
 4.00000000e-02  4.88537027e-14  4.00000000e-02  0.00000000e+00 
 5.00000000e-02  6.28258838e-14  5.00000000e-02  0.00000000e+00 
 6.00000000e-02  7.80725582e-14  6.00000000e-02  0.00000000e+00 
 7.00000000e-02  9.50982186e-14  7.00000000e-02  0.00000000e+00 
 8.00000000e-02  1.14581223e-13  8.00000000e-02  0.00000000e+00 
 9.00000000e-02  1.37431082e-13  9.00000000e-02  0.00000000e+00 
 1.00000000e-01  1.64870911e-13  1.00000000e-01  0.00000000e+00 
 1.10000000e-01  1.98549239e-13  1.10000000e-01  0.00000000e+00 
 1.20000000e-01  2.40691364e-13  1.20000000e-01  0.00000000e+00 
 1.30000000e-01  2.94301530e-13  1.30000000e-01  0.00000000e+00 
 1.40000000e-01  3.63435031e-13  1.40000000e-01  0.00000000e+00 
 1.50000000e-01  4.53564269e-13  1.50000000e-01  0.00000000e+00 
 1.60000000e-01  5.72069518e-13  1.60000000e-01  0.00000000e+00 
 1.70000000e-01  7.28899471e-13  1.70000000e-01  0.00000000e+00 
 1.80000000e-01  9.37457577e-13  1.80000000e-01  0.00000000e+00 
 1.90000000e-01  1.21579168e-12  1.90000000e-01  0.00000000e+00 
 2.00000000e-01  1.58818889e-12  2.00000000e-01  0.00000000e+00 
 2.10000000e-01  2.08731502e-12  2.10000000e-01  0.00000000e+00 
 2.20000000e-01  2.75707940e-12  2.20000000e-01  0.00000000e+00 
 2.30000000e-01  3.65647009e-12  2.30000000e-01  0.00000000e+00 
 2.40000000e-01  4.86468689e-12  2.40000000e-01  0.00000000e+00 
 2.50000000e-01  6.48800013e-12  2.50000000e-01  0.00000000e+00 
 2.60000000e-01  8.66891866e-12  2.60000000e-01  0.00000000e+00 
 2.70000000e-01  1.15984208e-11  2.70000000e-01  0.00000000e+00 
 2.80000000e-01  1.55322738e-11  2.80000000e-01  0.00000000e+00 
 2.90000000e-01  2.08127719e-11  2.90000000e-01  0.00000000e+00 
 3.00000000e-01  2.78976744e-11  3.00000000e-01  0.00000000e+00 
 3.10000000e-01  3.73986796e-11  3.10000000e-01  0.00000000e+00 
 3.20000000e-01  5.01325173e-11  3.20000000e-01  0.00000000e+00 
 3.30000000e-01  6.71887025e-11  3.30000000e-01  0.00000000e+00 
 3.40000000e-01  9.00192572e-11  3.40000000e-01  0.00000000e+00 
 3.50000000e-01  1.20557315e-10  3.50000000e-01  0.00000000e+00 
 3.60000000e-01  1.61373626e-10  3.60000000e-01  0.00000000e+00 
 3.70000000e-01  2.15882647e-10  3.70000000e-01  0.00000000e+00 
 3.80000000e-01  2.88613278e-10  3.80000000e-01  0.00000000e+00 
 3.90000000e-01  3.85563631e-10  3.90000000e-01  0.00000000e+00 
 4.00000000e-01  5.14664526e-10  4.00000000e-01  0.00000000e+00 
 4.10000000e-01  6.86383047e-10  4.10000000e-01  0.00000000e+00 
 4.20000000e-01  9.14505576e-10  4.20000000e-01  0.00000000e+00 
 4.30000000e-01  1.21714940e-09  4.30000000e-01  0.00000000e+00 
 4.40000000e-01  1.61806346e-09  4.40000000e-01  0.00000000e+00 
 4.50000000e-01  2.14829190e-09  4.50000000e-01  0.00000000e+00 
 4.60000000e-01  2.84828896e-09  4.60000000e-01  0.00000000e+00 
 4.70000000e-01  3.77058918e-09  4.70000000e-01  0.00000000e+00 
 4.80000000e-01  4.98315320e-09  4.80000000e-01  0.00000000e+00 
 4.90000000e-01  6.57352377e-09  4.90000000e-01  0.00000000e+00 
 5.00000000e-01  8.65393849e-09  5.00000000e-01  0.00000000e+00 
 5.10000000e-01  1.13675508e-08  5.10000000e-01  0.00000000e+00 
 5.20000000e-01  1.48959079e-08  5.20000000e-01  0.00000000e+00 
 5.30000000e-01  1.94678161e-08  5.30000000e-01  0.00000000e+00 
 5.40000000e-01  2.53696926e-08  5.40000000e-01  0.00000000e+00 
 5.50000000e-01  3.29574463e-08  5.50000000e-01  0.00000000e+00 
 5.60000000e-01  4.26698580e-08  5.60000000e-01  0.00000000e+00 
 5.70000000e-01  5.50433302e-08  5.70000000e-01  0.00000000e+00 
 5.80000000e-01  7.07277682e-08  5.80000000e-01  0.00000000e+00 
 5.90000000e-01  9.05032290e-08  5.90000000e-01  0.00000000e+00 
 6.00000000e-01  1.15296857e-07  6.00000000e-01  0.00000000e+00 
 6.10000000e-01  1.46199521e-07  6.10000000e-01  0.00000000e+00 
 6.20000000e-01  1.84481483e-07  6.20000000e-01  0.00000000e+00 
 6.30000000e-01  2.31606384e-07  6.30000000e-01  0.00000000e+00 
 6.40000000e-01  2.89242792e-07  6.40000000e-01  0.00000000e+00 
 6.50000000e-01  3.59272567e-07  6.50000000e-01  0.00000000e+00 
 6.60000000e-01  4.43795244e-07  6.60000000e-01  0.00000000e+00 
 6.70000000e-01  5.45127645e-07  6.70000000e-01  0.00000000e+00 
 6.80000000e-01  6.65797822e-07  6.80000000e-01  0.00000000e+00 
 6.90000000e-01  8.08532410e-07  6.90000000e-01  0.00000000e+00 
 7.00000000e-01  9.76236433e-07  7.00000000e-01  3.69149186e-35 
 7.10000000e-01  1.17196465e-06  7.10000000e-01  3.29913204e-08 
 7.20000000e-01  1.39888379e-06  7.20000000e-01  1.30847451e-07 
 7.30000000e-01  1.66022551e-06  7.30000000e-01  2.91942458e-07 
 7.40000000e-01  1.95923047e-06  7.40000000e-01  5.14715443e-07 
 7.50000000e-01  2.29908494e-06  7.50000000e-01  7.97667327e-07 
 7.60000000e-01  2.68285217e-06  7.60000000e-01  1.13935782e-06 
 7.70000000e-01  3.11340174e-06  7.70000000e-01  1.53840255e-06 
 7.80000000e-01  3.59334079e-06  7.80000000e-01  1.99347042e-06 
 7.90000000e-01  4.12495113e-06  7.90000000e-01  2.50328102e-06 
 8.00000000e-01  4.71013629e-06  8.00000000e-01  3.06660226e-06 
 8.10000000e-01  5.35038179e-06  8.10000000e-01  3.68224812e-06 
 8.20000000e-01  6.04673070e-06  8.20000000e-01  4.34907648e-06 
 8.30000000e-01  6.79977567e-06  8.30000000e-01  5.06598716e-06 
 8.40000000e-01  7.60966689e-06  8.40000000e-01  5.83191999e-06 
 8.50000000e-01  8.47613438e-06  8.50000000e-01  6.64585297e-06 
 8.60000000e-01  9.39852230e-06  8.60000000e-01  7.50680064e-06 
 8.70000000e-01  1.03758321e-05  8.70000000e-01  8.41381240e-06 
 8.80000000e-01  1.14067714e-05  8.80000000e-01  9.36597100e-06 
 8.90000000e-01  1.24898054e-05  8.90000000e-01  1.03623911e-05 
 9.00000000e-01  1.36232087e-05  9.00000000e-01  1.14022179e-05 
 9.10000000e-01  1.48051139e-05  9.10000000e-01  1.24846259e-05 
 9.20000000e-01  1.60335576e-05  9.20000000e-01  1.36088173e-05 
 9.30000000e-01  1.73065202e-05  9.30000000e-01  1.47740215e-05 
 9.40000000e-01  1.86219614e-05  9.40000000e-01  1.59794934e-05 
 9.50000000e-01  1.99778488e-05  9.50000000e-01  1.72245124e-05 
 9.60000000e-01  2.13721827e-05  9.60000000e-01  1.85083818e-05 
 9.70000000e-01  2.28030137e-05  9.70000000e-01  1.98304273e-05 
 9.80000000e-01  2.42684577e-05  9.80000000e-01  2.11899965e-05 
 9.90000000e-01  2.57667054e-05  9.90000000e-01  2.25864579e-05 
 1.00000000e+00  2.72960294e-05  1.00000000e+00  2.40192000e-05 
 1.01000000e+00  2.88547880e-05  1.01000000e+00  2.54876305e-05 
 1.02000000e+00  3.04414264e-05  1.02000000e+00  2.69911757e-05 
 1.03000000e+00  3.20544770e-05  1.03000000e+00  2.85292796e-05 
 1.04000000e+00  3.36925574e-05  1.04000000e+00  3.01014034e-05 
 1.05000000e+00  3.53543680e-05  1.05000000e+00  3.17070247e-05 
 1.06000000e+00  3.70386883e-05  1.06000000e+00  3.33456370e-05 
 1.07000000e+00  3.87443734e-05  1.07000000e+00  3.50167489e-05 
 1.08000000e+00  4.04703499e-05  1.08000000e+00  3.67198838e-05 
 1.09000000e+00  4.22156112e-05  1.09000000e+00  3.84545791e-05 
 1.10000000e+00  4.39792135e-05  1.10000000e+00  4.02203859e-05 
 1.11000000e+00  4.57602716e-05  1.11000000e+00  4.20168684e-05 
 1.12000000e+00  4.75579547e-05  1.12000000e+00  4.38436034e-05 
 1.13000000e+00  4.93714825e-05  1.13000000e+00  4.57001798e-05 
 1.14000000e+00  5.12001218e-05  1.14000000e+00  4.75861985e-05 
 1.15000000e+00  5.30431824e-05  1.15000000e+00  4.95012715e-05 
 1.16000000e+00  5.49000145e-05  1.16000000e+00  5.14450217e-05 
 1.17000000e+00  5.67700053e-05  1.17000000e+00  5.34170827e-05 
 1.18000000e+00  5.86525762e-05  1.18000000e+00  5.54170982e-05 
 1.19000000e+00  6.05471807e-05  1.19000000e+00  5.74447218e-05 
 1.20000000e+00  6.24533014e-05  1.20000000e+00  5.94996164e-05 
 1.21000000e+00  6.43704482e-05  1.21000000e+00  6.15814544e-05 
 1.22000000e+00  6.62981563e-05  1.22000000e+00  6.36899166e-05 
 1.23000000e+00  6.82359844e-05  1.23000000e+00  6.58246928e-05 
 1.24000000e+00  7.01835127e-05  1.24000000e+00  6.79854809e-05 
 1.25000000e+00  7.21403421e-05  1.25000000e+00  7.01719868e-05 
 1.26000000e+00  7.41060920e-05  1.26000000e+00  7.23839240e-05 
 1.27000000e+00  7.60803996e-05  1.27000000e+00  7.46210138e-05 
 1.28000000e+00  7.80629186e-05  1.28000000e+00  7.68829845e-05 
 1.29000000e+00  8.00533181e-05  1.29000000e+00  7.91695715e-05 
 1.30000000e+00  8.20512815e-05  1.30000000e+00  8.14805169e-05 
 1.31000000e+00  8.40565059e-05  1.31000000e+00  8.38155696e-05 
 1.32000000e+00  8.60687012e-05  1.32000000e+00  8.61744845e-05 
 1.33000000e+00  8.80875892e-05  1.33000000e+00  8.85570229e-05 
 1.34000000e+00  9.01129030e-05  1.34000000e+00  9.09629522e-05 
 1.35000000e+00  9.21443865e-05  1.35000000e+00  9.33920452e-05 
 1.36000000e+00  9.41817936e-05  1.36000000e+00  9.58440806e-05 
 1.37000000e+00  9.62248878e-05  1.37000000e+00  9.83188425e-05 
 1.38000000e+00  9.82734417e-05  1.38000000e+00  1.00816120e-04 
 1.39000000e+00  1.00327237e-04  1.39000000e+00  1.03335708e-04 
 1.40000000e+00  1.02386062e-04  1.40000000e+00  1.05877405e-04 
 1.41000000e+00  1.04449714e-04  1.41000000e+00  1.08441016e-04 
 1.42000000e+00  1.06517998e-04  1.42000000e+00  1.11026350e-04 
 1.43000000e+00  1.08590726e-04  1.43000000e+00  1.13633220e-04 
 1.44000000e+00  1.10667715e-04  1.44000000e+00  1.16261443e-04 
 1.45000000e+00  1.12748791e-04  1.45000000e+00  1.18910842e-04 
 1.46000000e+00  1.14833785e-04  1.46000000e+00  1.21581243e-04 
 1.47000000e+00  1.16922532e-04  1.47000000e+00  1.24272476e-04 
 1.48000000e+00  1.19014876e-04  1.48000000e+00  1.26984375e-04 
 1.49000000e+00  1.21110664e-04  1.49000000e+00  1.29716778e-04 
 1.50000000e+00  1.23209749e-04  1.50000000e+00  1.32469527e-04 
 1.51000000e+00  1.25311989e-04  1.51000000e+00  1.35242467e-04 
 1.52000000e+00  1.27417247e-04  1.52000000e+00  1.38035446e-04 
 1.53000000e+00  1.29525389e-04  1.53000000e+00  1.40848316e-04 
 1.54000000e+00  1.31636287e-04  1.54000000e+00  1.43680933e-04 
 1.55000000e+00  1.33749816e-04  1.55000000e+00  1.46533155e-04 
 1.56000000e+00  1.35865857e-04  1.56000000e+00  1.49404844e-04 
 1.57000000e+00  1.37984293e-04  1.57000000e+00  1.52295864e-04 
 1.58000000e+00  1.40105011e-04  1.58000000e+00  1.55206083e-04 
 1.59000000e+00  1.42227902e-04  1.59000000e+00  1.58135371e-04 
 1.60000000e+00  1.44352860e-04  1.60000000e+00  1.61083603e-04 
 1.61000000e+00  1.46479784e-04  1.61000000e+00  1.64050652e-04 
 1.62000000e+00  1.48608574e-04  1.62000000e+00  1.67036399e-04 
 1.63000000e+00  1.50739133e-04  1.63000000e+00  1.70040724e-04 
 1.64000000e+00  1.52871370e-04  1.64000000e+00  1.73063511e-04 
 1.65000000e+00  1.55005193e-04  1.65000000e+00  1.76104645e-04 
 1.66000000e+00  1.57140515e-04  1.66000000e+00  1.79164017e-04 
 1.67000000e+00  1.59277252e-04  1.67000000e+00  1.82241515e-04 
 1.68000000e+00  1.61415321e-04  1.68000000e+00  1.85337034e-04 
 1.69000000e+00  1.63554643e-04  1.69000000e+00  1.88450468e-04 
 1.70000000e+00  1.65695140e-04  1.70000000e+00  1.91581714e-04 
 1.71000000e+00  1.67836738e-04  1.71000000e+00  1.94730673e-04 
 1.72000000e+00  1.69979364e-04  1.72000000e+00  1.97897246e-04 
 1.73000000e+00  1.72122946e-04  1.73000000e+00  2.01081335e-04 
 1.74000000e+00  1.74267418e-04  1.74000000e+00  2.04282848e-04 
 1.75000000e+00  1.76412712e-04  1.75000000e+00  2.07501690e-04 
 1.76000000e+00  1.78558764e-04  1.76000000e+00  2.10737770e-04 
 1.77000000e+00  1.80705511e-04  1.77000000e+00  2.13991001e-04 
 1.78000000e+00  1.82852892e-04  1.78000000e+00  2.17261294e-04 
 1.79000000e+00  1.85000850e-04  1.79000000e+00  2.20548563e-04 
 1.80000000e+00  1.87149326e-04  1.80000000e+00  2.23852725e-04 
